9
1
367
38
38
5487896
64
19448
3428
617
588
332458
9
245
584578
93353392
618915
6716385
8664
426
8
7869712
796
86
26
1662
148
79
9964
61743
97
2892
15349
534
3962
16
6896969
28651
636
834
9982
99518
96
9
279632
7564
929
1573
623494
84
527139
1319
273
6
8636
68812
5692
1
56556
55
181822925
6973
14
63
2317239
18833
84658
34452
163269
3939
57894
442
3753
95
49617
259
2781
27
21
464
43771
47488
59123
77554
991471
43895
7512
131559
16
62535
95615
248
125256
416783
8471
2688
739
2383167
1295326
8382
893
81845266
1
71875
22
2846
56544
799137
885255
1
18533
238424
78
5
748
3
5759
716
39
6952
1838
9419889
49139
1951
57268
22563
569816
78216
863
123557
28
62434
474
11
6872
6368
12
15175
4325
41412
36718
71789
55779
58212
176
656
277
12919
5666
58646
459812
553
78
284
6426
4956
15116
77924
267312
46397
966489
7719
232
43733
21
13778
57
5
15372
288
32
49
94314
578
22345
4934
4151268
1365
449
6624744
5356
75
48125
37
5856
52
98
1279
4279
57
56752
8524
62
6
5929
474
929517
899
19775
49675946
47
8261
634
9556
59
138
119
5666276
7146
43
5998
54
63
8418
224784
55
51
43734934
7954
186
2439
2
6798
28
12482
8563
378
85395
35384
55554
484
275
87
1189
347833
926536
63
4155
2378
16
49563
427817
749
823
3289
456872
871348
41823
4153
7444
88
4973588
88131
789
14
861
3424
9134
225
446
921257
4999
3179654
69
13
83
85
76
7
433653
389
1992696
1843
35312
368768
69179139
513467
19329678
26269
28437
6312458
8
4965
79347
172545
45248
13562
518
7
1
6148
1383
93276
3586698
412
1687
497
1642
33
183
22
87985
2434
8
293467
1363
1942
284
32
15159
27
179
1884
669
8267
2578928
1
457
418651
98689
3488
55127
6434
164
39
248
796
659
8634
31126
18965
41
478218
6138
46
57866
8
8435
887
7148129
3
3
13275128
615
1135
29
31
52196
662337
286
94163
3756
38811
294
55133
8847
618271
171
91478422
4916
82365
94855
4239117
226572
336
4672418
8388
25387
11313
4
667
97292
6689
5615
139
1871473
569
44
846
893
1916
47854
9166
24146711
3844168
6
111
292379
32492
84
4927
38583467
791
82
1242
1239394
178427
635384
895
422346
7847
9494134
258
79
779498
3569
193
47256
97183994
266
82
994
49297
2964
2
7138
476672
847789
5
6123
657
5253517
5925
473
377
8347829
3884
2841227
481571
395635
6755
8917
5
891896
518297
484
98
124741
83328
45599148
2616
39897
15283
3
13696
3267381
339
376
648953318
3649
1358
982922
1647
6411
3123482
1261
2875
68
7396456
116568
234695
2
2366457
5423468
56925
28
5793836
71115
36
79
16788
52386
127396
59195
84834
7751
151268
812369
716
42515
1257112
925
93464
66147
267557
35
39129
9339
29
267
491148
1134
29
731
93335
63
17623
15487
379
347794
297
48
25135
2655
3147
636
879
1733
9331
14
89
586
1
3662
37
314
1977316
987
9945
2
8
6142
9225763
26766571
861236
121
456794
772395
14771
14696
691
3148
818947
58
11162
27472
1474
95429
91
981356
61795
493412
7445
71
5946
5862
44643
5789
54818
3419
94167
85372
42451
9214
76132
428562
7637
6359
2584
4271
166873
5
217257
1236
4575449
716
163
37434736
634
5646
351193
5494
32
345
56
16792
281
7862
274
7456
121236
859
83
589
65
342388
22237
987119
28123369
9
7375
597
4228
954
8956
613
75
1349
3713584
379263
24
9
1715
633864
924
7871
7962
424
42
363212
31973
81426
1
6363
14627
656
8577
21361
6334
922
11
72527
1291
812722
7855
36518
63784
679862248
383
752794
298
67836
146
2561
954912
6185
7157
91125
89471
6469
3
7749
839
4478
4794
9148
8191
1354
97469834
64
1
535
4683
1292
43821728
99146
81335
123
8596
73
4373
6
6331
214
464653
699229
192
2
3583
5
926
939
85489
9
772
3
7914
23568
288
578618
346
714
92
3331
1749
82
235894
3478
56
165236
272358
5468
356594
16847576
97171
34769
331332
1
2839
83699
294234
7785
45
16839
49286
8
69367816
45311
8276126
838
6893
7378
947
41716
93
6349
671
38874
2428
3674
537
711474
412288
551
25
3881
92266
29914798
74212
82493
43
86886
743
56815
88
37
11318864
7827891
2565
82985
156
9626
562
829246
635
3697
312
7357495
3542
94448
41432
42
987292
77576
4168
365
248
28548
8656
947611
593789
81
39934
894
471265
3672
566
3247
114
3
313
56889
495
9264
849
414
1291
2159
82463
8927
9
275
95248
42
188349
837
982
415
53
247883
827
79
623
19182
34721
13931
24
464632
763
6861429
2753622
261478
4968
31889267
23946
77
91
5
594125
3981869
1498
875
626745
4149
145958
274
234693
43757
3823
478
32
18591
8414957
37126
679
6799
22
82
627335
7929
3817
58468
5969
7
5
176
75788
14
13479
861612
757
3167959
215237
16
917859
81
65
48386
33
57593
83488
6912
621
3863
176462
921352
49785
6
687885
6168
54458
495
1865
6567
9
9335
39695
7475
56
35145
735
2425789
3
537373
19798
9816
5672
22944946
2467
42949565
237144
824
4612744
618
58924
2278
6121246
34554
1596
1359
53
19627
3334
7156
1345695
873
921
876
853
181
6188
139
699126
2334
1473
15457
2137
1258
282
2
47
451
356
563
846
258934
5692
18623
553579
361
37
54255
4234
3319
2145
723
5418
89
9837
5877
74127
4543
2755
71
7936
485
1
18426
116
8644
59768
699842
1727
8663
851118
7887
976
812
33678
583768828
46214
124767
13973
216
5443
1352973
1986
88
8614
67161
547843
32393
9127
241597
31
866559
23517
364129
2463963
243
247
352676
983
59177
7256
512
7732
9
852
257
882378
23484
6635995
5751
12589
2923
84
3342
6256
27794
267
2364
3474
5674
55
224
795251
199
566
4271344
